# Body fitted drag for model part FluidModelPart.Drag_Drag_Auto1
# Time Fx Fy Fz
0.1 239.75091501 -0.23894306 -0.00000000
0.2 180.66440994 0.22402892 -0.00000000
0.30000000000000004 192.82946596 -0.46882547 -0.00000000
0.4 210.96508171 -0.75798219 -0.00000000
0.5 224.98948057 -1.29138356 -0.00000000
0.6 234.17298743 -1.56034294 -0.00000000
0.7 240.41755738 -1.40676810 -0.00000000
0.7999999999999999 243.85924485 -1.28845763 -0.00000000
0.8999999999999999 244.02603239 -1.13915273 -0.00000000
0.9999999999999999 239.03597094 -0.65336229 -0.00000000
1.0999999999999999 248.45936348 -1.01480875 -0.00000000
1.2 268.05383184 -0.63511920 -0.00000000
1.3 278.38745231 0.99415099 -0.00000000
1.4000000000000001 290.54925069 2.58603572 -0.00000000
1.5000000000000002 304.89971584 4.55900897 -0.00000000
1.6000000000000003 320.54299011 6.17660900 -0.00000000
1.7000000000000004 334.83694753 6.59919216 -0.00000000
1.8000000000000005 344.73882403 5.51537435 -0.00000000
1.9000000000000006 349.27034204 3.22269939 -0.00000000
2.0000000000000004 350.00480030 0.01383053 -0.00000000
2.1000000000000005 349.59463686 -3.50529146 -0.00000000
2.2000000000000006 349.56052309 -7.10470965 -0.00000000
2.3000000000000007 349.70072883 -10.69117919 -0.00000000
2.400000000000001 349.29195295 -14.12053506 -0.00000000
2.500000000000001 348.09959422 -16.59091844 -0.00000000
2.600000000000001 346.51802337 -16.85518212 -0.00000000
2.700000000000001 345.09173552 -13.60670338 -0.00000000
2.800000000000001 344.17166661 -6.23377955 -0.00000000
2.9000000000000012 343.85874806 4.83769320 -0.00000000
3.0000000000000013 344.15356081 17.76990715 -0.00000000
3.1000000000000014 344.94696304 29.35082579 -0.00000000
3.2000000000000015 345.94877555 35.59662860 -0.00000000
3.3000000000000016 346.67881885 32.80492047 -0.00000000
3.4000000000000017 346.70399936 19.13516782 -0.00000000
3.5000000000000018 346.04290427 -4.69076073 -0.00000000
3.600000000000002 345.26475305 -34.78362041 -0.00000000
3.700000000000002 344.97870470 -64.48448232 -0.00000000
3.800000000000002 345.35329120 -85.91069718 -0.00000000
3.900000000000002 346.38302999 -91.85089490 -0.00000000
4.000000000000002 348.23379591 -78.13147434 -0.00000000
4.100000000000001 350.91254223 -45.70934494 -0.00000000
4.200000000000001 353.85100206 -0.44327410 -0.00000000
4.300000000000001 356.29023123 48.86800580 -0.00000000
4.4 358.16791238 92.16731577 -0.00000000
4.5 360.38643899 119.50061907 -0.00000000
4.6 362.81156816 121.76131859 -0.00000000
4.699999999999999 364.28838343 93.02323803 -0.00000000
4.799999999999999 365.14939866 33.13382050 -0.00000000
4.899999999999999 368.59808742 -49.27012052 -0.00000000
4.999999999999998 377.05480896 -137.59876147 -0.00000000
5.099999999999998 390.13980848 -211.26932789 -0.00000000
5.1999999999999975 404.03630758 -249.72066531 -0.00000000
5.299999999999997 411.59048392 -234.52749901 -0.00000000
5.399999999999997 409.82599784 -157.99541677 -0.00000000
5.4999999999999964 403.24978323 -29.44042745 -0.00000000
5.599999999999996 402.85560667 118.73949604 -0.00000000
5.699999999999996 414.46347017 241.69179937 -0.00000000
5.799999999999995 442.94718331 299.98801817 -0.00000000
5.899999999999995 478.13035333 264.42551013 -0.00000000
5.999999999999995 475.46679496 121.96428345 -0.00000000
6.099999999999994 452.01598448 -88.47643208 -0.00000000
6.199999999999994 462.44627476 -261.89898950 -0.00000000
6.299999999999994 483.43537649 -312.72152174 -0.00000000
6.399999999999993 490.75864987 -238.75667091 -0.00000000
6.499999999999993 461.75147146 -73.54408298 -0.00000000
6.5999999999999925 444.67574863 112.24660192 -0.00000000
6.699999999999992 459.17963999 235.77029672 -0.00000000
6.799999999999992 470.97302560 263.19265042 -0.00000000
6.8999999999999915 475.15707446 199.69049837 -0.00000000
6.999999999999991 460.71094488 78.93348948 -0.00000000
7.099999999999991 440.77839951 -77.77370121 -0.00000000
7.19999999999999 447.49946024 -216.56433725 -0.00000000
7.29999999999999 469.50949110 -280.74103794 -0.00000000
7.39999999999999 491.37774864 -246.84254439 -0.00000000
7.499999999999989 476.94972781 -114.09097446 -0.00000000
7.599999999999989 452.48654959 77.36919701 -0.00000000
7.699999999999989 463.55763582 241.52781531 -0.00000000
7.799999999999988 488.49336198 305.05607699 -0.00000000
7.899999999999988 501.67107993 253.32577601 -0.00000000
7.999999999999988 474.84205304 104.72361312 -0.00000000
8.099999999999987 448.70551392 -89.10406443 -0.00000000
8.199999999999987 465.29548073 -242.02603423 -0.00000000
8.299999999999986 482.68112279 -291.17120777 -0.00000000
8.399999999999986 489.41747525 -233.11042655 -0.00000000
8.499999999999986 470.79906143 -96.44556347 -0.00000000
8.599999999999985 448.53837317 84.23655982 -0.00000000
8.699999999999985 458.82708550 237.92557760 -0.00000000
8.799999999999985 482.83583055 302.81463611 -0.00000000
8.899999999999984 500.46850535 257.18684260 -0.00000000
8.999999999999984 480.69324714 119.45980108 -0.00000000
9.099999999999984 452.23876874 -72.93695919 -0.00000000
9.199999999999983 464.27263314 -239.75650056 -0.00000000
9.299999999999983 486.99407989 -304.09550440 -0.00000000
9.399999999999983 500.90773667 -256.60770792 -0.00000000
9.499999999999982 477.72419376 -113.53651838 -0.00000000
9.599999999999982 450.45985639 81.02014502 -0.00000000
9.699999999999982 462.68515832 241.14960994 -0.00000000
9.799999999999981 484.64087927 302.99236494 -0.00000000
9.89999999999998 496.40504195 253.08770760 -0.00000000
9.99999999999998 476.89507235 116.24562273 -0.00000000
10.09999999999998 450.37883413 -69.05432423 -0.00000000
10.19999999999998 461.30757757 -232.06423235 -0.00000000
10.29999999999998 483.16480311 -299.25740572 -0.00000000
10.399999999999979 499.08883459 -257.99322574 -0.00000000
10.499999999999979 480.17678213 -123.08349655 -0.00000000
10.599999999999978 451.68915458 68.05816387 -0.00000000
10.699999999999978 460.27572825 234.53783688 -0.00000000
10.799999999999978 483.93186140 305.49633281 -0.00000000
10.899999999999977 499.38178221 263.10183116 -0.00000000
10.999999999999977 480.26214198 126.53791433 -0.00000000
11.099999999999977 451.70982836 -62.70325370 -0.00000000
11.199999999999976 461.94682418 -229.53165539 -0.00000000
11.299999999999976 483.16291965 -298.19001041 -0.00000000
11.399999999999975 497.02733736 -257.19273508 -0.00000000
11.499999999999975 478.67875483 -124.56716796 -0.00000000
11.599999999999975 450.96135779 62.91751665 -0.00000000
11.699999999999974 458.51532268 228.50120234 -0.00000000
11.799999999999974 481.78945188 302.15003566 -0.00000000
11.899999999999974 497.93290374 263.72441780 -0.00000000
11.999999999999973 481.05936158 131.50880112 -0.00000000
12.099999999999973 452.34433532 -55.21750011 -0.00000000
12.199999999999973 460.52167823 -224.72965757 -0.00000000
12.299999999999972 482.45074957 -298.17098337 -0.00000000
12.399999999999972 498.03625972 -261.99700722 -0.00000000
12.499999999999972 480.39582667 -131.15168252 -0.00000000
12.599999999999971 451.61174747 57.05561802 -0.00000000
12.69999999999997 458.24332679 225.22699261 -0.00000000
12.79999999999997 481.44729674 301.41834254 -0.00000000
12.89999999999997 497.18888098 265.33976604 -0.00000000
12.99999999999997 481.19517715 135.13042346 -0.00000000
13.09999999999997 452.46101908 -49.98236564 -0.00000000
13.199999999999969 459.48952896 -220.37534710 -0.00000000
13.299999999999969 481.42354045 -296.76226155 -0.00000000
13.399999999999968 497.51560455 -263.89218807 -0.00000000
13.499999999999968 481.28152134 -136.11236813 -0.00000000
13.599999999999968 452.17683109 50.55484220 -0.00000000
13.699999999999967 457.24194916 220.84510564 -0.00000000
13.799999999999967 480.68274898 300.79827575 -0.00000000
13.899999999999967 497.27941258 268.61939878 -0.00000000
13.999999999999966 482.35774072 140.58123940 -0.00000000
14.099999999999966 453.10243510 -44.16766689 -0.00000000
14.199999999999966 458.89654343 -216.62425992 -0.00000000
14.299999999999965 480.94789951 -296.07643523 -0.00000000
14.399999999999965 497.18997487 -266.00693793 -0.00000000
14.499999999999964 481.85899077 -140.41511911 -0.00000000
14.599999999999964 452.55918910 45.04987445 -0.00000000
14.699999999999964 456.50316906 216.79006619 -0.00000000
14.799999999999963 479.95655128 299.63991962 -0.00000000
14.899999999999963 496.91171906 270.70253977 -0.00000000
14.999999999999963 483.13507359 145.13844039 -0.00000000
15.099999999999962 453.64714318 -38.42017443 -0.00000000
15.199999999999962 458.07993109 -212.55154531 -0.00000000
15.299999999999962 480.31242877 -295.31436049 -0.00000000
15.399999999999961 497.10255137 -268.57630124 -0.00000000
15.499999999999961 482.80274431 -145.28284231 -0.00000000
15.59999999999996 453.15938897 39.30937094 -0.00000000
15.69999999999996 455.90899838 212.90960873 -0.00000000
15.79999999999996 479.43410851 298.77184458 -0.00000000
15.89999999999996 496.69567817 273.02618862 -0.00000000
15.99999999999996 483.91994351 149.68687061 -0.00000000
16.09999999999996 454.18846542 -32.90293921 -0.00000000
16.19999999999996 457.35801871 -208.53220533 -0.00000000
16.29999999999996 479.71043965 -294.39219820 -0.00000000
16.399999999999963 496.82616728 -270.73234000 -0.00000000
16.499999999999964 483.59058998 -149.84319826 -0.00000000
16.599999999999966 453.76369286 33.56899215 -0.00000000
16.699999999999967 455.26072634 208.83462029 -0.00000000
16.79999999999997 478.83891522 297.77976598 -0.00000000
16.89999999999997 496.50800161 275.40762912 -0.00000000
16.99999999999997 484.80167460 154.39784580 -0.00000000
17.099999999999973 454.82537915 -27.24013279 -0.00000000
17.199999999999974 456.68277703 -204.45879410 -0.00000000
17.299999999999976 479.16714589 -293.50145458 -0.00000000
17.399999999999977 496.60087047 -272.94911289 -0.00000000
17.49999999999998 484.39023140 -154.41845904 -0.00000000
17.59999999999998 454.39586699 27.88629189 -0.00000000
17.69999999999998 454.68227156 204.75870047 -0.00000000
17.799999999999983 478.27878709 296.69675374 -0.00000000
17.899999999999984 496.26449875 277.63757933 -0.00000000
17.999999999999986 485.63027039 158.99949693 -0.00000000
18.099999999999987 455.48112374 -21.54558581 -0.00000000
18.19999999999999 456.00113599 -200.23574832 -0.00000000
18.29999999999999 478.59908800 -292.50919495 -0.00000000
18.39999999999999 496.37134704 -275.15279099 -0.00000000
18.499999999999993 485.23683438 -159.07713862 -0.00000000
18.599999999999994 455.09309769 22.08757020 -0.00000000
18.699999999999996 454.12786876 200.58138925 -0.00000000
18.799999999999997 477.73438649 295.57393773 -0.00000000
18.9 496.03254888 279.89669052 -0.00000000
19.0 486.48004327 163.65850623 -0.00000000
19.1 456.18469823 -15.77840746 -0.00000000
19.200000000000003 455.35091488 -195.89562899 -0.00000000
19.300000000000004 478.04370753 -291.41390327 -0.00000000
19.400000000000006 496.10215928 -277.28989624 -0.00000000
19.500000000000007 486.06893052 -163.72035402 -0.00000000
19.60000000000001 455.83068932 16.20561573 -0.00000000
19.70000000000001 453.57988676 196.25508595 -0.00000000
19.80000000000001 477.17052974 294.34983319 -0.00000000
19.900000000000013 495.77823759 282.11974084 -0.00000000
20.000000000000014 487.34140544 168.36176652 -0.00000000
20.100000000000016 456.94260451 -9.89842499 -0.00000000
20.200000000000017 454.72182143 -191.39991899 -0.00000000
20.30000000000002 477.48772046 -290.21259476 -0.00000000
20.40000000000002 495.81353401 -279.40164576 -0.00000000
20.50000000000002 486.90827560 -168.39355705 -0.00000000
20.600000000000023 456.61267844 10.22920292 -0.00000000
20.700000000000024 453.04979497 191.78342911 -0.00000000
20.800000000000026 476.59193736 293.01462554 -0.00000000
20.900000000000027 495.48815798 284.27652831 -0.00000000
21.00000000000003 488.19110602 173.07401892 -0.00000000
21.10000000000003 457.74322533 -3.92632076 -0.00000000
21.20000000000003 454.11097685 -186.73418526 -0.00000000
21.300000000000033 476.91799879 -288.88028471 -0.00000000
21.400000000000034 495.49117012 -281.45266766 -0.00000000
21.500000000000036 487.74686484 -173.08768126 -0.00000000
21.600000000000037 457.43909452 4.14787192 -0.00000000
21.70000000000004 452.53419296 187.14337896 -0.00000000
21.80000000000004 475.98608998 291.55107188 -0.00000000
21.90000000000004 495.16330465 286.37173297 -0.00000000
22.000000000000043 489.03247316 177.81086358 -0.00000000
22.100000000000044 458.58989565 2.14616289 -0.00000000
22.200000000000045 453.52358921 -181.89613327 -0.00000000
22.300000000000047 476.33707736 -287.41436357 -0.00000000
22.40000000000005 495.13292024 -283.43301655 -0.00000000
22.50000000000005 488.57645909 -177.79258643 -0.00000000
22.60000000000005 458.30669986 -2.02805425 -0.00000000
22.700000000000053 452.03514186 182.32658904 -0.00000000
22.800000000000054 475.34966600 289.94993129 -0.00000000
22.900000000000055 494.79644582 288.38121097 -0.00000000
23.000000000000057 489.85349948 182.55031705 -0.00000000
23.10000000000006 459.47867639 8.30633081 -0.00000000
23.20000000000006 452.96229459 -176.88284651 -0.00000000
23.30000000000006 475.73890119 -285.79871207 -0.00000000
23.400000000000063 494.73357662 -285.32171159 -0.00000000
23.500000000000064 489.38848956 -182.48780960 -0.00000000
23.600000000000065 459.21074972 -8.27913516 -0.00000000
23.700000000000067 451.55100238 177.33693956 -0.00000000
23.800000000000068 474.67976487 288.20143704 -0.00000000
23.90000000000007 494.37395511 290.27583737 -0.00000000
24.00000000000007 490.63453299 187.24284445 -0.00000000
24.100000000000072 460.39903862 14.51463374 -0.00000000
24.200000000000074 452.43178331 -171.71954148 -0.00000000
24.300000000000075 475.11847711 -284.01287220 -0.00000000
24.400000000000077 494.28227034 -287.07115964 -0.00000000
24.500000000000078 490.16311788 -187.11026516 -0.00000000
24.60000000000008 460.13353701 -14.54469061 -0.00000000
24.70000000000008 451.08779370 172.20542482 -0.00000000
24.800000000000082 473.96885143 286.28616745 -0.00000000
24.900000000000084 493.88659762 292.01996696 -0.00000000
25.000000000000085 491.36202698 191.83678596 -0.00000000
25.100000000000087 461.33562272 20.72253773 -0.00000000
25.200000000000088 451.93385058 -166.44449157 -0.00000000
25.30000000000009 474.47599637 -282.06774236 -0.00000000
25.40000000000009 493.78227588 -288.66405093 -0.00000000
25.500000000000092 490.89337319 -191.61495292 -0.00000000
25.600000000000094 461.05837806 -20.75576731 -0.00000000
25.700000000000095 450.66290202 166.98640238 -0.00000000
25.800000000000097 473.21883812 284.24964463 -0.00000000
25.900000000000098 493.34079793 293.56364591 -0.00000000
26.0000000000001 492.03527428 196.28145837 -0.00000000
26.1000000000001 462.26948460 26.84558782 -0.00000000
26.200000000000102 451.47323296 -161.11232354 -0.00000000
26.300000000000104 473.80892236 -279.98655693 -0.00000000
26.400000000000105 493.23779918 -290.07270864 -0.00000000
26.500000000000107 491.56709538 -195.95392819 -0.00000000
26.600000000000108 461.97837004 -26.84852608 -0.00000000
26.70000000000011 450.27576798 161.73569483 -0.00000000
26.80000000000011 472.44826379 282.09140235 -0.00000000
26.900000000000112 492.75656585 294.91889145 -0.00000000
27.000000000000114 492.64550656 200.54080333 -0.00000000
27.100000000000115 463.19261787 32.82630520 -0.00000000
27.200000000000117 451.05843137 -155.78211051 -0.00000000
27.300000000000118 473.12721154 -277.80607734 -0.00000000
27.40000000000012 492.65879394 -291.30489373 -0.00000000
27.50000000000012 492.18299739 -200.10405653 -0.00000000
27.600000000000122 462.88579988 -32.78333185 -0.00000000
27.700000000000124 449.92893058 156.49746639 -0.00000000
27.800000000000125 471.66790940 279.83538816 -0.00000000
27.900000000000126 492.14399833 296.09994160 -0.00000000
28.000000000000128 493.18837209 204.59809223 -0.00000000
28.10000000000013 464.09949461 38.63019679 -0.00000000
28.20000000000013 450.69338803 -150.49523083 -0.00000000
28.300000000000132 472.43991413 -275.54751558 -0.00000000
28.400000000000134 492.06204716 -292.38120212 -0.00000000
28.500000000000135 492.73871833 -204.05602775 -0.00000000
28.600000000000136 463.77962922 -38.54033067 -0.00000000
28.700000000000138 449.62365843 151.30468123 -0.00000000
28.80000000000014 470.88748034 277.50584145 -0.00000000
28.90000000000014 491.51273712 297.13267922 -0.00000000
29.000000000000142 493.66650617 208.45456903 -0.00000000
29.100000000000144 464.98854750 44.24601883 -0.00000000
29.200000000000145 450.37901812 -145.27581025 -0.00000000
29.300000000000146 471.75344959 -273.22758267 -0.00000000
29.400000000000148 491.45960845 -293.32579814 -0.00000000
29.50000000000015 493.23422931 -207.81127447 -0.00000000
29.60000000000015 464.65836263 -44.11620340 -0.00000000
29.700000000000152 449.35870810 146.17551428 -0.00000000
29.800000000000153 470.11354888 275.11948396 -0.00000000
29.900000000000155 490.86784389 298.03680528 -0.00000000
30.000000000000156 494.08482449 212.12219817 -0.00000000
30.100000000000158 465.85909835 49.68067003 -0.00000000
30.20000000000016 450.11758905 -140.13387972 -0.00000000
30.30000000000016 471.07094364 -270.85827807 -0.00000000
30.400000000000162 490.85823545 -294.16257730 -0.00000000
30.500000000000163 493.68629473 -211.40303882 -0.00000000
30.600000000000165 465.52723058 -49.53528475 -0.00000000
30.700000000000166 449.14579586 141.11162799 -0.00000000
30.800000000000168 469.35067032 272.69143015 -0.00000000
30.90000000000017 490.23249899 298.86747237 -0.00000000
31.00000000000017 494.48253549 215.68660516 -0.00000000
31.100000000000172 466.73005377 55.01152326 -0.00000000
31.200000000000173 449.91041285 -135.04341949 -0.00000000
31.300000000000175 470.40825541 -268.48261877 -0.00000000
31.400000000000176 490.28307250 -294.96255323 -0.00000000
31.500000000000178 494.13979971 -214.93425288 -0.00000000
31.60000000000018 466.41365294 -54.88429256 -0.00000000
31.70000000000018 448.98676456 136.07971338 -0.00000000
31.800000000000182 468.62049928 270.25831424 -0.00000000
31.900000000000183 489.63835045 299.66741469 -0.00000000
32.000000000000185 494.88532282 219.22180999 -0.00000000
32.100000000000186 467.61943007 60.29911955 -0.00000000
32.20000000000019 449.75518391 -129.96330295 -0.00000000
32.30000000000019 469.77128964 -266.10068439 -0.00000000
32.40000000000019 489.73342080 -295.72709719 -0.00000000
32.50000000000019 494.59596747 -218.43376911 -0.00000000
32.60000000000019 467.32059312 -60.20894662 -0.00000000
32.700000000000195 448.87553683 131.03287853 -0.00000000
32.800000000000196 467.90902120 267.78612914 -0.00000000
32.9000000000002 489.06840613 300.41676297 -0.00000000
33.0000000000002 495.27818167 222.73941367 -0.00000000
33.1000000000002 468.52557968 65.57142562 -0.00000000
33.2000000000002 449.64683474 -124.85210400 -0.00000000
33.3000000000002 469.14456652 -263.66223586 -0.00000000
33.400000000000205 489.19195908 -296.43856274 -0.00000000
33.500000000000206 495.04554389 -221.91354742 -0.00000000
33.60000000000021 468.24660149 -65.54016915 -0.00000000
33.70000000000021 448.80809483 125.92743526 -0.00000000
33.80000000000021 467.20177320 265.24474416 -0.00000000
33.90000000000021 488.50963555 301.10024640 -0.00000000
34.00000000000021 495.65319893 226.25196669 -0.00000000
34.100000000000215 469.44934433 70.85118686 -0.00000000
34.200000000000216 449.58559874 -119.68030113 -0.00000000
34.30000000000022 468.51848467 -261.13026458 -0.00000000
34.40000000000022 488.65375197 -297.08711888 -0.00000000
34.50000000000022 495.48301067 -225.38536888 -0.00000000
34.60000000000022 469.19385854 -70.90242127 -0.00000000
34.70000000000022 448.78207373 120.72732731 -0.00000000
34.800000000000225 466.48680111 262.61579829 -0.00000000
34.900000000000226 487.95703797 301.72358592 -0.00000000
35.00000000000023 496.01201187 229.77763973 -0.00000000
35.10000000000023 470.39912220 76.16975065 -0.00000000
35.20000000000023 449.57385355 -114.41017125 -0.00000000
35.30000000000023 467.88717332 -258.49690934 -0.00000000
35.40000000000023 488.12149516 -297.66492620 -0.00000000
35.500000000000234 495.90623528 -228.86790268 -0.00000000
35.600000000000236 470.16518941 -76.30824163 -0.00000000
35.70000000000024 448.80018968 115.41107081 -0.00000000
35.80000000000024 465.75985918 259.87920873 -0.00000000
35.90000000000024 487.40657445 302.27406435 -0.00000000
36.00000000000024 496.34698761 233.31497247 -0.00000000
36.10000000000024 471.37546225 81.54233129 -0.00000000
36.200000000000244 449.61069650 -109.01236809 -0.00000000
36.300000000000246 467.24342503 -255.73855345 -0.00000000
36.40000000000025 487.58242945 -298.16652076 -0.00000000
36.50000000000025 496.31044593 -232.36172323 -0.00000000
36.60000000000025 471.16240912 -81.77480659 -0.00000000
36.70000000000025 448.86419326 109.95873380 -0.00000000
36.80000000000025 465.02245855 257.00328525 -0.00000000
36.900000000000254 486.84663472 302.74275154 -0.00000000
37.000000000000256 496.65680725 236.86119382 -0.00000000
37.10000000000026 472.37582571 86.97985501 -0.00000000
37.20000000000026 449.69719740 -103.46736842 -0.00000000
37.30000000000026 466.57813251 -252.84071265 -0.00000000
37.40000000000026 487.03142849 -298.57827131 -0.00000000
37.50000000000026 496.68902171 -235.86239852 -0.00000000
37.600000000000264 472.18494116 -87.31169211 -0.00000000
37.700000000000266 448.97807382 104.36136483 -0.00000000
37.80000000000027 464.27096107 253.96360289 -0.00000000
37.90000000000027 486.27548086 303.12416031 -0.00000000
38.00000000000027 496.94637958 240.42517581 -0.00000000
38.10000000000027 473.40305486 92.50001518 -0.00000000
38.20000000000027 449.83635595 -97.75923131 -0.00000000
38.300000000000274 465.89421336 -249.78586455 -0.00000000
38.400000000000276 486.46001602 -298.91719593 -0.00000000
38.50000000000028 497.04003395 -239.38200322 -0.00000000
38.60000000000028 473.23813520 -92.94613530 -0.00000000
38.70000000000028 449.15051176 98.60524696 -0.00000000
38.80000000000028 463.50925018 250.78181073 -0.00000000
38.90000000000028 485.68609364 303.40273938 -0.00000000
39.000000000000284 497.21404573 244.01636829 -0.00000000
39.100000000000286 474.46101769 98.11949619 -0.00000000
39.20000000000029 450.02942346 -91.89584915 -0.00000000
39.30000000000029 465.16565460 -246.58705158 -0.00000000
39.40000000000029 485.88759374 -299.11291252 -0.00000000
39.50000000000029 497.34257202 -242.88551553 -0.00000000
39.60000000000029 474.29511331 -98.63077920 -0.00000000
39.700000000000294 449.37298830 92.70307256 -0.00000000
39.800000000000296 462.72480325 247.42891845 -0.00000000
39.9000000000003 485.08608158 303.52715254 -0.00000000
40.0000000000003 497.42904970 247.53226610 -0.00000000
40.1000000000003 475.51611859 103.73190993 -0.00000000
40.2000000000003 450.26785833 -85.94692596 -0.00000000
40.3000000000003 464.42775373 -243.19761105 -0.00000000
40.400000000000304 485.28157198 -299.17048298 -0.00000000
40.500000000000306 497.56475188 -246.24776528 -0.00000000
40.60000000000031 475.33539278 -104.24313443 -0.00000000
40.70000000000031 449.62961978 86.73162641 -0.00000000
40.80000000000031 461.92295012 243.90519242 -0.00000000
40.90000000000031 484.45648101 303.49552489 -0.00000000
41.00000000000031 497.55859559 250.89617738 -0.00000000
41.100000000000314 476.55202250 109.26194753 -0.00000000
41.200000000000315 450.55060333 -79.94909958 -0.00000000
41.30000000000032 463.65818206 -239.67852109 -0.00000000
41.40000000000032 484.66322537 -299.08370755 -0.00000000
41.50000000000032 497.71085943 -249.49337804 -0.00000000
41.60000000000032 476.36038635 -109.76896302 -0.00000000
41.70000000000032 449.92981267 80.72941232 -0.00000000
41.800000000000324 461.14213366 240.23686226 -0.00000000
41.900000000000325 483.78814484 303.35719317 -0.00000000
42.00000000000033 497.61224791 254.10806438 -0.00000000
42.10000000000033 477.56227431 114.69218944 -0.00000000
42.20000000000033 450.87565682 -73.94022872 -0.00000000
42.30000000000033 462.86129158 -236.05194236 -0.00000000
42.40000000000033 484.04011193 -298.85368366 -0.00000000
42.500000000000334 497.77299181 -252.59171921 -0.00000000
42.600000000000335 477.35618453 -115.17917529 -0.00000000
42.70000000000034 450.27122233 74.72414861 -0.00000000
42.80000000000034 460.32512957 236.50723008 -0.00000000
42.90000000000034 483.15185118 303.03932141 -0.00000000
43.00000000000034 497.59752581 257.17428103 -0.00000000
43.10000000000034 478.54638636 119.98991125 -0.00000000
43.200000000000344 451.24040037 -67.96727332 -0.00000000
43.300000000000345 462.05552261 -232.34326782 -0.00000000
43.40000000000035 483.41529728 -298.49912986 -0.00000000
43.50000000000035 497.76338557 -255.51974519 -0.00000000
43.60000000000035 478.31219722 -120.43191816 -0.00000000
43.70000000000035 450.64937707 68.77540227 -0.00000000
43.80000000000035 459.52825655 232.71215022 -0.00000000
43.900000000000354 482.50694884 302.58894851 -0.00000000
44.000000000000355 497.52247596 260.06599966 -0.00000000
44.10000000000036 479.49187404 125.12842758 -0.00000000
44.20000000000036 451.63854398 -62.06892408 -0.00000000
44.30000000000036 461.24952058 -228.57532302 -0.00000000
44.40000000000036 482.79041492 -298.03505285 -0.00000000
44.50000000000036 497.69657074 -258.28281296 -0.00000000
44.600000000000364 479.23046503 -125.51992418 -0.00000000
44.700000000000365 451.06308454 62.90675046 -0.00000000
44.80000000000037 458.75365287 228.88711573 -0.00000000
44.90000000000037 481.87042559 302.02139114 -0.00000000
45.00000000000037 486.61266131 262.59453869 -0.00000000
