# Body fitted drag for model part FluidModelPart.Drag_Drag_Auto1
# Time Fx Fy Fz
0.1 149.91308524 0.30611726 -0.00000000
0.2 120.95274550 -0.06004440 -0.00000000
0.30000000000000004 128.81131618 -0.08811988 -0.00000000
0.4 145.06925756 -0.37149880 -0.00000000
0.5 164.70511248 -0.80710728 -0.00000000
0.6 185.38084643 -2.70126326 -0.00000000
0.7 202.17440362 -6.25675210 -0.00000000
0.7999999999999999 210.82303123 -11.31498891 -0.00000000
0.8999999999999999 207.94362366 -18.18996538 -0.00000000
0.9999999999999999 192.12487922 -25.89813004 -0.00000000
1.0999999999999999 182.16445635 -33.62283957 -0.00000000
1.2 181.96354012 -41.77835766 -0.00000000
1.3 182.54883650 -49.31038712 -0.00000000
1.4000000000000001 188.16745215 -55.18233971 -0.00000000
1.5000000000000002 196.43976241 -58.42304465 -0.00000000
1.6000000000000003 204.36054898 -57.77132553 -0.00000000
1.7000000000000004 209.81725254 -52.28177689 -0.00000000
1.8000000000000005 212.63989396 -42.33370110 -0.00000000
1.9000000000000006 213.94110967 -29.78821673 -0.00000000
2.0000000000000004 214.75529677 -17.22799103 -0.00000000
2.1000000000000005 215.34391008 -8.03214413 -0.00000000
2.2000000000000006 215.52550236 -5.55952507 -0.00000000
2.3000000000000007 215.39459245 -12.99124723 -0.00000000
2.400000000000001 215.70232503 -32.25559253 -0.00000000
2.500000000000001 217.87966691 -61.93256713 -0.00000000
2.600000000000001 223.04410972 -94.91462279 -0.00000000
2.700000000000001 230.71325872 -119.20577523 -0.00000000
2.800000000000001 238.64900023 -122.29535222 -0.00000000
2.9000000000000012 243.98718689 -97.23157457 -0.00000000
3.0000000000000013 246.93030082 -45.84930192 -0.00000000
3.1000000000000014 250.54408533 20.40054992 -0.00000000
3.2000000000000015 259.98707626 83.41060962 -0.00000000
3.3000000000000016 278.75418322 123.59099719 -0.00000000
3.4000000000000017 299.54814262 102.27335253 -0.00000000
3.5000000000000018 301.98252587 22.12350227 -0.00000000
3.600000000000002 302.04266367 -78.29908071 -0.00000000
3.700000000000002 315.60180821 -130.49931150 -0.00000000
3.800000000000002 325.13425836 -117.23537608 -0.00000000
3.900000000000002 314.61992834 -47.06670832 -0.00000000
4.000000000000002 307.96162708 30.06494100 -0.00000000
4.100000000000001 314.72593842 69.29634635 -0.00000000
4.200000000000001 319.81089289 52.86013122 -0.00000000
4.300000000000001 312.86153412 -11.23471142 -0.00000000
4.4 308.16839069 -82.89977001 -0.00000000
4.5 316.20887995 -125.65881410 -0.00000000
4.6 322.63961226 -118.56405450 -0.00000000
4.699999999999999 310.33801858 -58.84890863 -0.00000000
4.799999999999999 301.02486174 24.11341166 -0.00000000
4.899999999999999 310.58772607 79.84149163 -0.00000000
4.999999999999998 321.97740863 78.28105957 -0.00000000
5.099999999999998 316.98672687 12.45990626 -0.00000000
5.1999999999999975 310.49407679 -76.13228438 -0.00000000
5.299999999999997 319.92217642 -134.73259406 -0.00000000
5.399999999999997 330.71007300 -138.78483288 -0.00000000
5.4999999999999964 319.15526564 -77.55861042 -0.00000000
5.599999999999996 305.37936859 14.64730787 -0.00000000
5.699999999999996 313.47882741 83.43166653 -0.00000000
5.799999999999995 326.48615951 93.83935906 -0.00000000
5.899999999999995 323.31339538 31.78218107 -0.00000000
5.999999999999995 313.49570262 -62.48012099 -0.00000000
6.099999999999994 320.84303564 -132.52690586 -0.00000000
6.199999999999994 333.70793000 -149.56405195 -0.00000000
6.299999999999994 325.50495591 -95.20965201 -0.00000000
6.399999999999993 308.23619248 -0.80495189 -0.00000000
6.499999999999993 313.71149438 78.91656026 -0.00000000
6.5999999999999925 327.71758024 101.96283568 -0.00000000
6.699999999999992 328.02710901 48.57228230 -0.00000000
6.799999999999992 316.14153062 -46.51588711 -0.00000000
6.8999999999999915 320.69624511 -126.19112181 -0.00000000
6.999999999999991 334.08465323 -154.54304138 -0.00000000
7.099999999999991 330.40242857 -109.80397925 -0.00000000
7.19999999999999 311.15853100 -17.38490914 -0.00000000
7.29999999999999 312.83239546 70.49929711 -0.00000000
7.39999999999999 326.98803597 105.08650088 -0.00000000
7.499999999999989 330.92959291 62.95445617 -0.00000000
7.599999999999989 318.38392317 -29.77194301 -0.00000000
7.699999999999989 319.56899843 -117.38692085 -0.00000000
7.799999999999988 332.98541145 -155.46108623 -0.00000000
7.899999999999988 333.84562895 -122.36401648 -0.00000000
7.999999999999988 314.20849238 -34.18920680 -0.00000000
8.099999999999987 311.40349625 60.01275162 -0.00000000
8.199999999999987 325.28437592 104.99754691 -0.00000000
8.299999999999986 332.78685884 75.79982917 -0.00000000
8.399999999999986 320.73912204 -12.57840488 -0.00000000
8.499999999999986 318.11474029 -106.54957486 -0.00000000
8.599999999999985 331.18169484 -153.83311534 -0.00000000
8.699999999999985 336.38823054 -133.43978194 -0.00000000
8.799999999999985 317.67516292 -51.13572785 -0.00000000
8.899999999999984 310.06516978 47.37635240 -0.00000000
8.999999999999984 323.00994919 102.43521337 -0.00000000
9.099999999999984 333.75048762 86.70927791 -0.00000000
9.199999999999983 323.34002858 4.31015939 -0.00000000
9.299999999999983 317.09284911 -93.67805894 -0.00000000
9.399999999999983 328.92319923 -149.95014991 -0.00000000
9.499999999999982 337.88180166 -142.55067587 -0.00000000
9.599999999999982 321.31561455 -67.57256425 -0.00000000
9.699999999999982 309.34301536 32.83148206 -0.00000000
9.799999999999981 320.54026457 97.30495909 -0.00000000
9.89999999999998 333.50597779 95.29589090 -0.00000000
9.99999999999998 325.81619932 20.55773924 -0.00000000
10.09999999999998 316.57325827 -79.14295717 -0.00000000
10.19999999999998 326.43668339 -143.99944864 -0.00000000
10.29999999999998 338.18495697 -149.56633586 -0.00000000
10.399999999999979 324.98090323 -83.24829133 -0.00000000
10.499999999999979 309.35628248 16.85063710 -0.00000000
10.599999999999978 318.17989794 90.46808856 -0.00000000
10.699999999999978 332.29432766 101.72070878 -0.00000000
10.799999999999978 328.22893086 36.22602372 -0.00000000
10.899999999999977 316.78265755 -63.28315363 -0.00000000
10.999999999999977 324.21255280 -136.78915375 -0.00000000
11.099999999999977 337.43674919 -154.62221288 -0.00000000
11.199999999999976 328.68390531 -98.13553622 -0.00000000
11.299999999999976 310.31876279 -0.15699492 -0.00000000
11.399999999999975 315.95550395 81.96525209 -0.00000000
11.499999999999975 330.47062211 105.74693410 -0.00000000
11.599999999999975 330.47062687 50.95015468 -0.00000000
11.699999999999974 317.71486227 -46.58801921 -0.00000000
11.799999999999974 322.26685602 -128.16136945 -0.00000000
11.899999999999974 335.84491433 -156.96263621 -0.00000000
11.999999999999973 331.99976492 -111.31155963 -0.00000000
12.099999999999973 312.20011406 -17.12885761 -0.00000000
12.199999999999973 313.93310274 71.99631757 -0.00000000
12.299999999999972 328.32369561 106.92406927 -0.00000000
12.399999999999972 332.16595106 64.11081125 -0.00000000
12.499999999999972 319.18201203 -29.79232315 -0.00000000
12.599999999999971 320.31659837 -118.37853785 -0.00000000
12.69999999999997 333.84789192 -156.68066693 -0.00000000
12.79999999999997 334.64297313 -123.15724576 -0.00000000
12.89999999999997 314.71295500 -34.08342517 -0.00000000
12.99999999999997 311.91754713 60.79881526 -0.00000000
13.09999999999997 325.94479210 105.95556030 -0.00000000
13.199999999999969 333.41513541 76.40267628 -0.00000000
13.299999999999969 321.15223651 -12.60285538 -0.00000000
13.399999999999968 318.48350095 -107.08767837 -0.00000000
13.499999999999968 331.62834890 -154.47120199 -0.00000000
13.599999999999968 336.79655727 -133.81918037 -0.00000000
13.699999999999967 317.92150860 -51.02455914 -0.00000000
13.799999999999967 310.32240513 47.85315008 -0.00000000
13.899999999999967 323.35104918 102.94117428 -0.00000000
13.999999999999966 334.07457127 86.95385175 -0.00000000
14.099999999999966 323.54063165 4.19525530 -0.00000000
14.199999999999966 317.28239462 -94.03947701 -0.00000000
14.299999999999965 329.16458727 -150.30228489 -0.00000000
14.399999999999965 338.08723778 -142.68514597 -0.00000000
14.499999999999964 321.41191179 -67.40734960 -0.00000000
14.599999999999964 309.46562868 33.19081697 -0.00000000
14.699999999999964 320.72065633 97.60930565 -0.00000000
14.799999999999963 333.67893145 95.37057442 -0.00000000
14.899999999999963 325.89767277 20.38813835 -0.00000000
14.999999999999963 316.66036359 -79.44599587 -0.00000000
15.099999999999962 326.56950025 -144.26970958 -0.00000000
15.199999999999962 338.28726779 -149.67467042 -0.00000000
15.299999999999962 325.01124818 -83.13186983 -0.00000000
15.399999999999961 309.39990809 17.08677482 -0.00000000
15.499999999999961 318.26330388 90.65384793 -0.00000000
15.59999999999996 332.38574913 101.77457172 -0.00000000
15.69999999999996 328.25591377 36.12209019 -0.00000000
15.79999999999996 316.80546465 -63.47359791 -0.00000000
15.89999999999996 324.27178553 -136.92767322 -0.00000000
15.99999999999996 337.48862079 -154.62140122 -0.00000000
16.09999999999996 328.67561220 -97.97692977 -0.00000000
16.19999999999996 310.32913386 0.07797942 -0.00000000
16.29999999999996 316.01260621 82.11918965 -0.00000000
16.399999999999963 330.53032842 105.75309232 -0.00000000
16.499999999999964 330.47187886 50.79575421 -0.00000000
16.599999999999966 317.71474119 -46.80167925 -0.00000000
16.699999999999967 322.30597661 -128.29773671 -0.00000000
16.79999999999997 335.88511705 -156.97091067 -0.00000000
16.89999999999997 331.97719403 -111.16258313 -0.00000000
16.99999999999997 312.18256602 -16.90465796 -0.00000000
17.099999999999973 313.97133076 72.14893876 -0.00000000
17.199999999999974 328.36716288 106.94307918 -0.00000000
17.299999999999976 332.15959375 63.95907280 -0.00000000
17.399999999999977 319.16782233 -30.01181523 -0.00000000
17.49999999999998 320.34938111 -118.52101342 -0.00000000
17.59999999999998 333.88283867 -156.70711716 -0.00000000
17.69999999999998 334.61932024 -123.01546863 -0.00000000
17.799999999999983 314.68104566 -33.85942246 -0.00000000
17.899999999999984 311.94782834 60.96326839 -0.00000000
17.999999999999986 325.98399301 105.99100575 -0.00000000
18.099999999999987 333.40782060 76.25681724 -0.00000000
18.19999999999999 321.12720363 -12.82645834 -0.00000000
18.29999999999999 318.50763046 -107.25142736 -0.00000000
18.39999999999999 331.66371798 -154.51778002 -0.00000000
18.499999999999993 336.77761236 -133.69325463 -0.00000000
18.599999999999994 317.88007893 -50.80414635 -0.00000000
18.699999999999996 310.34129145 48.03910053 -0.00000000
18.799999999999997 323.38935766 103.00091448 -0.00000000
18.9 334.07520243 86.83301829 -0.00000000
19.0 323.51067261 3.97947196 -0.00000000
19.1 317.29611403 -94.22273942 -0.00000000
19.200000000000003 329.20021575 -150.37270548 -0.00000000
19.300000000000004 338.07952593 -142.58398119 -0.00000000
19.400000000000006 321.36642550 -67.19611908 -0.00000000
19.500000000000007 309.47316675 33.39550855 -0.00000000
19.60000000000001 320.75628517 97.69551266 -0.00000000
19.70000000000001 333.69262462 95.27405112 -0.00000000
19.80000000000001 325.86813050 20.17821424 -0.00000000
19.900000000000013 316.66506133 -79.64919985 -0.00000000
20.000000000000014 326.60394314 -144.36261111 -0.00000000
20.100000000000016 338.29213481 -149.59228613 -0.00000000
20.200000000000017 324.96372613 -82.92790150 -0.00000000
20.30000000000002 309.39574379 17.31019819 -0.00000000
20.40000000000002 318.29609089 90.75639551 -0.00000000
20.50000000000002 332.40858004 101.70389157 -0.00000000
20.600000000000023 328.22523644 35.91665424 -0.00000000
20.700000000000024 316.79883975 -63.69441889 -0.00000000
20.800000000000026 324.30052331 -137.03331568 -0.00000000
20.900000000000027 337.50631116 -154.57198617 -0.00000000
21.00000000000003 328.62791977 -97.78942764 -0.00000000
21.10000000000003 310.30974555 0.30604107 -0.00000000
21.20000000000003 316.04065163 82.24465755 -0.00000000
21.300000000000033 330.55734773 105.72082556 -0.00000000
21.400000000000034 330.44571842 50.61296921 -0.00000000
21.500000000000036 317.69863262 -47.02327295 -0.00000000
21.600000000000037 322.33123884 -128.42160284 -0.00000000
21.70000000000004 335.91041593 -156.95985980 -0.00000000
21.80000000000004 331.93853745 -110.99854957 -0.00000000
21.90000000000004 312.15383925 -16.68048989 -0.00000000
22.000000000000043 313.99863390 72.28883226 -0.00000000
22.100000000000044 328.39734330 106.94223519 -0.00000000
22.200000000000045 332.14015834 63.79015343 -0.00000000
22.300000000000047 319.14554149 -30.23829557 -0.00000000
22.40000000000005 320.37581552 -118.65766308 -0.00000000
22.50000000000005 333.91008146 -156.72282133 -0.00000000
22.60000000000005 334.58675716 -122.86339206 -0.00000000
22.700000000000053 314.64293362 -33.63291695 -0.00000000
22.800000000000054 311.97304201 61.12216459 -0.00000000
22.900000000000055 326.01681267 106.01637805 -0.00000000
23.000000000000057 333.39371765 76.10063967 -0.00000000
23.10000000000006 321.09754689 -13.05569852 -0.00000000
23.20000000000006 318.52887244 -107.41375770 -0.00000000
23.30000000000006 331.69542622 -154.55917209 -0.00000000
23.400000000000063 336.75385913 -133.56075138 -0.00000000
23.500000000000064 317.83509385 -50.58041102 -0.00000000
23.600000000000065 310.35790925 48.22343239 -0.00000000
23.700000000000067 323.42482355 103.05589656 -0.00000000
23.800000000000068 334.07220891 86.70639511 -0.00000000
23.90000000000007 323.47797835 3.75973521 -0.00000000
24.00000000000007 317.30828419 -94.40637407 -0.00000000
24.100000000000072 329.23413378 -150.44109749 -0.00000000
24.200000000000074 338.06928044 -142.47921996 -0.00000000
24.300000000000075 321.31891919 -66.98224786 -0.00000000
24.400000000000077 309.47965918 33.60036636 -0.00000000
24.500000000000078 320.79076014 97.77997562 -0.00000000
24.60000000000008 333.70463316 95.17417272 -0.00000000
24.70000000000008 325.83715007 19.96531019 -0.00000000
24.800000000000082 316.66913088 -79.85360356 -0.00000000
24.900000000000084 326.63785228 -144.45494518 -0.00000000
25.000000000000085 338.29578183 -149.50755864 -0.00000000
25.100000000000087 324.91496216 -82.72155642 -0.00000000
25.200000000000088 309.39110380 17.53471040 -0.00000000
25.30000000000009 318.32843444 90.85832183 -0.00000000
25.40000000000009 332.43058275 101.63105208 -0.00000000
25.500000000000092 328.19359519 35.70870022 -0.00000000
25.600000000000094 316.79177597 -63.91682405 -0.00000000
25.700000000000095 324.32912630 -137.13903338 -0.00000000
25.800000000000097 337.52344062 -154.52093831 -0.00000000
25.900000000000098 328.57933631 -97.59952332 -0.00000000
26.0000000000001 310.29008645 0.53601310 -0.00000000
26.1000000000001 316.06869295 82.37052572 -0.00000000
26.200000000000102 330.58419156 105.68713923 -0.00000000
26.300000000000104 330.41893667 50.42778812 -0.00000000
26.400000000000105 317.68230992 -47.24696349 -0.00000000
26.500000000000107 322.35652980 -128.54612833 -0.00000000
26.600000000000108 335.93562166 -156.94795984 -0.00000000
26.70000000000011 331.89916048 -110.83258173 -0.00000000
26.80000000000011 312.12479269 -16.45439725 -0.00000000
26.900000000000112 314.02598799 72.42945762 -0.00000000
27.000000000000114 328.42754788 106.94058413 -0.00000000
27.100000000000115 332.12027422 63.61925021 -0.00000000
27.200000000000117 319.12300590 -30.46680005 -0.00000000
27.300000000000118 320.40238410 -118.79517024 -0.00000000
27.40000000000012 333.93738144 -156.73820313 -0.00000000
27.50000000000012 334.55366981 -122.70963754 -0.00000000
27.600000000000122 314.60450727 -33.40442790 -0.00000000
27.700000000000124 311.99845541 61.28200392 -0.00000000
27.800000000000125 326.04975888 106.04147465 -0.00000000
27.900000000000126 333.37929920 75.94267192 -0.00000000
28.000000000000128 321.06761702 -13.28703822 -0.00000000
28.10000000000013 318.55037519 -107.57716067 -0.00000000
28.20000000000013 331.72730182 -154.60051316 -0.00000000
28.300000000000132 336.72966679 -133.42667465 -0.00000000
28.400000000000134 317.78969359 -50.35454946 -0.00000000
28.500000000000135 310.37480478 48.40905761 -0.00000000
28.600000000000136 323.46060042 103.11080940 -0.00000000
28.700000000000138 334.06894512 86.57822304 -0.00000000
28.80000000000014 323.44496725 3.53790903 -0.00000000
28.90000000000014 317.32061526 -94.59136895 -0.00000000
29.000000000000142 329.26830314 -150.50978287 -0.00000000
29.100000000000144 338.05868455 -142.37319770 -0.00000000
29.200000000000145 321.27100072 -66.76639404 -0.00000000
29.300000000000146 309.48639935 33.80680213 -0.00000000
29.400000000000148 320.82558095 97.86483904 -0.00000000
29.50000000000015 333.71658693 95.07291507 -0.00000000
29.60000000000015 325.80591433 19.75033594 -0.00000000
29.700000000000152 316.67338066 -80.05965615 -0.00000000
29.800000000000153 326.67215367 -144.54785240 -0.00000000
29.900000000000155 338.29926392 -149.42168771 -0.00000000
30.000000000000156 324.86577461 -82.51319997 -0.00000000
30.100000000000158 309.38658619 17.76102538 -0.00000000
30.20000000000016 318.36106070 90.96082520 -0.00000000
30.30000000000016 332.45261502 101.55717501 -0.00000000
30.400000000000162 328.16162784 35.49873723 -0.00000000
30.500000000000163 316.78469753 -64.14102702 -0.00000000
30.600000000000165 324.35808390 -137.24544121 -0.00000000
30.700000000000166 337.54054312 -154.46882655 -0.00000000
30.800000000000168 328.53028378 -97.40734350 -0.00000000
30.90000000000017 310.27046058 0.76834419 -0.00000000
31.00000000000017 316.09711497 82.49744339 -0.00000000
31.100000000000172 330.61130269 105.65256174 -0.00000000
31.200000000000173 330.39184764 50.24034732 -0.00000000
31.300000000000175 317.66597639 -47.47297688 -0.00000000
31.400000000000176 322.38209800 -128.67167421 -0.00000000
31.500000000000178 335.96100528 -156.93546631 -0.00000000
31.60000000000018 331.85924538 -110.66463915 -0.00000000
31.70000000000018 312.09555164 -16.22601546 -0.00000000
31.800000000000182 314.05359564 72.57124057 -0.00000000
31.900000000000183 328.45801354 106.93840257 -0.00000000
32.000000000000185 332.10009017 63.44633235 -0.00000000
32.100000000000186 319.10030011 -30.69757983 -0.00000000
32.20000000000019 320.42922057 -118.93381120 -0.00000000
32.30000000000019 333.96489368 -156.75341581 -0.00000000
32.40000000000019 334.52013460 -122.55409816 -0.00000000
32.50000000000019 314.56580247 -33.17362281 -0.00000000
32.60000000000019 312.02418400 61.44312155 -0.00000000
32.700000000000195 326.08297715 106.06647220 -0.00000000
32.800000000000196 333.36463644 75.78280750 -0.00000000
32.9000000000002 321.03743603 -13.52075932 -0.00000000
33.0000000000002 318.57221785 -107.74189186 -0.00000000
33.1000000000002 331.75944473 -154.64191951 -0.00000000
33.2000000000002 336.70506054 -133.29089140 -0.00000000
33.3000000000002 317.74384928 -50.12624429 -0.00000000
33.400000000000205 310.39205012 48.59629702 -0.00000000
33.500000000000206 323.49679125 103.16578321 -0.00000000
33.60000000000021 334.06545753 86.44834627 -0.00000000
33.70000000000021 323.41163094 3.31366969 -0.00000000
33.80000000000021 317.33315783 -94.77802155 -0.00000000
33.90000000000021 329.30281189 -150.57888037 -0.00000000
34.00000000000021 338.04775188 -142.26575015 -0.00000000
34.100000000000215 321.22262364 -66.54819980 -0.00000000
34.200000000000216 309.49338995 34.01512774 -0.00000000
34.30000000000022 320.86080965 97.95028765 -0.00000000
34.40000000000022 333.72851018 94.97019855 -0.00000000
34.50000000000022 325.77438291 19.53302106 -0.00000000
34.60000000000022 316.67782332 -80.26762989 -0.00000000
34.70000000000022 326.70690590 -144.64145709 -0.00000000
34.800000000000225 338.30260043 -149.33457220 -0.00000000
34.900000000000226 324.81610741 -82.30255338 -0.00000000
35.00000000000023 309.38219256 17.98946458 -0.00000000
35.10000000000023 318.39402369 91.06406986 -0.00000000
35.20000000000023 332.47471281 101.48216661 -0.00000000
35.30000000000023 328.12929903 35.28647629 -0.00000000
35.40000000000023 316.77761495 -64.36732993 -0.00000000
35.500000000000234 324.38744486 -137.35268292 -0.00000000
35.600000000000236 337.55764706 -154.41559145 -0.00000000
35.70000000000024 328.48070208 -97.21265190 -0.00000000
35.80000000000024 310.25084582 1.00332260 -0.00000000
35.90000000000024 316.12595373 82.62556817 -0.00000000
36.00000000000024 330.63871205 105.61705052 -0.00000000
36.10000000000024 330.36441529 50.05042075 -0.00000000
36.200000000000244 317.64961535 -47.70158531 -0.00000000
36.300000000000246 322.40797893 -128.79839345 -0.00000000
36.40000000000025 335.98659904 -156.92235761 -0.00000000
36.50000000000025 331.81874535 -110.49451439 -0.00000000
36.60000000000025 312.06608880 -15.99505908 -0.00000000
36.70000000000025 314.08149611 72.71436073 -0.00000000
36.80000000000025 328.48878427 106.93568361 -0.00000000
36.900000000000254 332.07958534 63.27118677 -0.00000000
37.000000000000256 319.07740357 -30.93091422 -0.00000000
37.10000000000026 320.45636055 -119.07375575 -0.00000000
37.20000000000026 333.99265644 -156.76847253 -0.00000000
37.30000000000026 334.48611249 -122.39658272 -0.00000000
37.40000000000026 314.52677892 -32.94021826 -0.00000000
37.50000000000026 312.05026239 61.60571051 -0.00000000
37.600000000000264 326.11651183 106.09139333 -0.00000000
37.700000000000266 333.34971248 75.62084941 -0.00000000
37.80000000000027 321.00697165 -13.75714658 -0.00000000
37.90000000000027 318.59443079 -107.90814322 -0.00000000
38.00000000000027 331.79189330 -154.68343465 -0.00000000
38.10000000000027 336.68000753 -133.15323448 -0.00000000
38.20000000000027 317.69749423 -49.89522088 -0.00000000
38.300000000000274 310.40968052 48.78538272 -0.00000000
38.400000000000276 323.53344553 103.22086024 -0.00000000
38.50000000000028 334.06175015 86.31656361 -0.00000000
38.60000000000028 323.37793647 3.08670853 -0.00000000
38.70000000000028 317.34593787 -94.96658367 -0.00000000
38.80000000000028 329.33771506 -150.64846599 -0.00000000
38.90000000000028 338.03646726 -142.15670132 -0.00000000
39.000000000000284 321.17372918 -66.32734224 -0.00000000
39.100000000000286 309.50062699 34.22560047 -0.00000000
39.20000000000029 320.89648654 98.03644379 -0.00000000
39.30000000000029 333.74040542 94.86591055 -0.00000000
39.40000000000029 325.74250642 19.31310069 -0.00000000
39.50000000000029 316.68246246 -80.47776961 -0.00000000
39.60000000000029 326.74215126 -144.73585840 -0.00000000
39.700000000000294 338.30579386 -149.24610367 -0.00000000
39.800000000000296 324.76589905 -82.08935670 -0.00000000
39.9000000000003 309.37791908 18.22030773 -0.00000000
40.0000000000003 318.42736373 91.16818501 -0.00000000
40.1000000000003 332.49689754 101.40592332 -0.00000000
40.2000000000003 328.09656897 35.07164791 -0.00000000
40.3000000000003 316.77053634 -64.59600321 -0.00000000
40.400000000000304 324.41724543 -137.46087856 -0.00000000
40.500000000000306 337.57477061 -154.36117688 -0.00000000
40.60000000000031 328.43053121 -97.01524319 -0.00000000
40.70000000000031 310.23121861 1.24118943 -0.00000000
40.80000000000031 316.15523412 82.75502460 -0.00000000
40.90000000000031 330.66643853 105.58056098 -0.00000000
41.00000000000031 330.33660242 49.85781495 -0.00000000
41.100000000000314 317.63320941 -47.93301681 -0.00000000
41.200000000000315 322.43420127 -128.92641345 -0.00000000
41.30000000000032 336.01242713 -156.90860946 -0.00000000
41.40000000000032 331.77761911 -110.32203052 -0.00000000
41.50000000000032 312.03638215 -15.76128618 -0.00000000
41.60000000000032 314.10972247 72.85897030 -0.00000000
41.70000000000032 328.51989774 106.93242078 -0.00000000
41.800000000000324 332.05874311 63.09363447 -0.00000000
41.900000000000325 319.05430146 -31.16703714 -0.00000000
42.00000000000033 320.48383503 -119.21514650 -0.00000000
42.10000000000033 334.02070333 -156.78338293 -0.00000000
42.20000000000033 334.45157121 -122.23693110 -0.00000000
42.30000000000033 314.48740476 -32.70397773 -0.00000000
42.40000000000033 312.07672034 61.76992958 -0.00000000
42.500000000000334 326.15040042 106.11625331 -0.00000000
42.600000000000335 333.33451310 75.45663030 -0.00000000
42.70000000000034 320.97619833 -13.99643960 -0.00000000
42.80000000000034 318.61704127 -108.07607328 -0.00000000
42.90000000000034 331.82467946 -154.72509342 -0.00000000
43.00000000000034 336.65447924 -133.01356248 -0.00000000
43.10000000000034 317.65056876 -49.66125277 -0.00000000
43.200000000000344 310.42773188 48.97651208 -0.00000000
43.300000000000345 323.57060469 103.27606904 -0.00000000
43.40000000000035 334.05783122 86.18268528 -0.00000000
43.50000000000035 323.34385824 2.85675737 -0.00000000
43.60000000000035 317.35898043 -95.15727377 -0.00000000
43.70000000000035 329.37306267 -150.71860182 -0.00000000
43.80000000000035 338.02481834 -142.04589068 -0.00000000
43.900000000000354 321.12426881 -66.10353431 -0.00000000
44.000000000000355 309.50813031 34.43846380 -0.00000000
44.10000000000036 320.93265906 98.12339461 -0.00000000
44.20000000000036 333.75228120 94.75991478 -0.00000000
44.30000000000036 325.71024312 19.09030528 -0.00000000
44.40000000000036 316.68730527 -80.69031685 -0.00000000
44.50000000000036 326.77793140 -144.83115292 -0.00000000
44.600000000000364 338.30884430 -149.15617292 -0.00000000
44.700000000000365 324.71509046 -81.87335137 -0.00000000
44.80000000000037 309.37376631 18.45382526 -0.00000000
44.90000000000037 318.46112211 91.27329211 -0.00000000
45.00000000000037 328.75714008 101.51838543 -0.00000000
